7330011596, ingenious media
8919229862, arfath
9948850697, shoiab
8886668188, client

9985277779
8099944939
9703888760
9491324490
9491006600
9030250276
9945435495
8125515296
9963377678
9703238913
9985343633
9949900496
9849490450
9550054888
9652220042
9848017717
9949910088
9346007730
9849466799
9701733566
9160337807
9348854362
9581403666
9912140862
9989017444
9989027444
8801015859
8500819037
9000055531
9908403335
7799699090
9632841188
9884850434
9666515253
9849821999
9848949919
9177033385
9949732643
9849005194
9866647845
9848033426
9642203419
9849023338
9100115895
506322057
9849456894
9949356319
8978111090
9849664453
8498889447
9750923456
9885844442
9581412304
9848099916
9246180201
9490912939
9100938126
9959343399
9597453814
9949573010
8105239290
9848129718
9949579205
9010411994
9390124162
9912466900
9912224979
9841762791
9731150066
9000978641
9177003804
8008508777
9701554499
9704500187
9989233274
9985948569
7702555508
9989234894
9441440135
9849240499
9790916692
9652911822
9440289209
9989166208
9052060576
9533949400
8897490212
9849465958
7660921119
9701379703
9703465519
9700780666
9949155579
7032661820
9985453352
9966067968
9010776364
9652342538
9948688632
9010348905
9948139990
9491023288
9912713770
9985867187
7893989353
9493794909
9652270440
9032912595
9885899455
9030037499
7675990245
8639353230
7382325236
9032808002
6309543345
9177795802
9705795165
8179749257
9966080660
8125411150
8500871272
8331960706
7382309301
9951551985
7989207166
9666480467
7893506077
8008202760
8885156565
9100687946
9573151400
8341869696
7730002414
7989495889
7207331152
9052289913
9550204101
9573450709
9019085832
8977039429
8333974766
9949070972
9989399195
9848526827
9948294450
9247409021
9849069009
8297024447
6303259597
9642777791
8978480499
9948555634
9392461823
9849121215
9642256677
9848303203
9948318348
9963688874
8179490098
9848028004
9951622246
9840351735
9491157257
9951001444
9701699958
9440288003
7702999891
9908576960
8121001810
9581000327
9160075884
8019016424
9676828268
9000559345
8885588189
9493246968
9866222311
9490444459
9886297797
9866119327
9100666932
8008287033
9441118747
9133075839
8501981705
9849496186
8466834398
9030958258
7569467735
8106264447
8143916703
8179757847
8008267816
8333045995
8464047541
8688326334
9492090967
9493506915
8074493261
9848017985
7981875689
8985313435
7032040480
9666878198
8790755965
9691253799
9522822702
9407912610
8886781867
8500805660
9393333300
9912630922